n = 1000000
Python: 0.305237 seconds
Cython: 0.299087 seconds
Cython is 2.01% faster than Python
n = 2000000
Python: 0.601242 seconds
Cython: 0.594157 seconds
Cython is 1.18% faster than Python
n = 3000000
Python: 0.891681 seconds
Cython: 0.893446 seconds
Python is 0.20% faster than Cython
n = 4000000
Python: 1.200670 seconds
Cython: 1.203096 seconds
Python is 0.20% faster than Cython
